   4.2850773e-01   3.0744025e-01
   5.8797029e-01   4.0375509e-01
   5.1919837e-01   3.4307267e-01
   3.4980489e-01   3.3318136e-01
   5.9979057e-01   3.8227935e-01
   4.5212674e-01   4.9887675e-01
   5.9662208e-01   5.3738251e-01
   4.4889042e-01   3.4524793e-01
   5.3966582e-01   2.8316220e-01
   4.1846121e-01   4.9482730e-01
   9.9869483e-01   2.0995859e-01
   9.1433675e-01   2.2108564e-01
   8.1392689e-01   4.4629438e-01
   7.8901427e-01   1.9429265e-01
   8.5468627e-01   2.6019005e-01
   7.1306264e-01   4.0209825e-01
   8.3101272e-01   2.2978539e-01
   3.1126564e-01   7.8114318e-01
   4.0190998e-01   8.0429222e-01
   3.2381450e-01   7.9375285e-01
   3.7063695e-01   8.0602168e-01
   3.6396658e-01   8.4107047e-01
   3.3859341e-01   8.2838389e-01
   3.1370462e-01   7.5162481e-01
   9.9339549e-01   6.5045589e-01
   9.5947515e-01   6.4569131e-01
   9.9484535e-01   6.3843874e-01
   9.6779084e-01   6.2469396e-01
   9.8936584e-01   5.1628008e-01
   9.4136443e-01   6.1658024e-01
   9.3641594e-01   5.0739982e-01
   9.9142583e-01   5.0372656e-01
   9.5008319e-01   4.9373615e-01
   9.7049670e-01   4.8417605e-01
